Rk,Player,IP,From,To,Age,W,L,W-L%,Dec,ERA,G,GS,CG,SHO,SV,IP,H,R,ER,HR,BB,IBB,SO,HBP,BK,WP,BF,ERA+,FIP,WHIP,H9,HR9,BB9,SO9,SO/BB,Pos,Team,Player-additional
1,Cy Young,7356.0,1890,1911,23-44,511,315,.619,826,2.63,906,815,749,76,18,7356.0,7092,3167,2147,138,1217,,2803,161,3,156,29565,138,2.84,1.130,8.7,0.2,1.5,3.4,2.30,1/3H,BOSBSNCLECLVSTL,youngcy01
2,Pud Galvin,6003.1,1875,1892,18-35,365,310,.541,675,2.85,705,688,646,57,2,6003.1,6405,3352,1903,121,745,,1807,61,2,221,25415,107,2.96,1.191,9.6,0.2,1.1,2.7,2.43,1O/6,BUFPBBPITSTL,galvipu01
3,Walter Johnson,5914.1,1907,1927,19-39,417,279,.599,696,2.17,802,666,531,110,34,5914.1,4913,1902,1424,97,1363,,3509,205,4,154,23415,147,2.38,1.061,7.5,0.1,2.1,5.3,2.57,1H/8974,WSH,johnswa01
4,Phil Niekro,5404.0,1964,1987,25-48,318,274,.537,592,3.35,864,716,245,45,29,5404.0,5044,2337,2012,482,1809,86,3342,123,42,226,22677,115,3.62,1.268,8.4,0.8,3.0,5.6,1.85,1/H,ATLCLEMLNNYYTOR,niekrph01
5,Nolan Ryan,5386.0,1966,1993,19-46,324,292,.526,616,3.19,807,773,222,61,3,5386.0,3923,2178,1911,321,2795,78,5714,158,33,277,22575,112,2.97,1.247,6.6,0.5,4.7,9.5,2.04,1,CALHOUNYMTEX,ryanno01
6,Gaylord Perry,5350.0,1962,1983,23-44,314,265,.542,579,3.11,777,690,303,53,10,5350.0,4938,2128,1846,399,1379,164,3534,108,6,160,21953,117,3.06,1.181,8.3,0.7,2.3,5.9,2.56,1H,ATLCLEKCRNYYSDPSEASFGTEX,perryga01
7,Don Sutton,5282.1,1966,1988,21-43,324,256,.559,580,3.26,774,756,178,58,5,5282.1,4692,2104,1914,472,1343,102,3574,82,21,112,21631,108,3.24,1.142,8.0,0.8,2.3,6.1,2.66,1H,CALHOULADMILOAK,suttodo01
8,Warren Spahn,5243.2,1942,1965,21-44,363,245,.597,608,3.09,750,665,382,63,28,5243.2,4830,2016,1798,434,1434,112,2583,42,5,81,21547,119,3.46,1.195,8.3,0.7,2.5,4.4,1.80,1H,BSNMLNNYMSFG,spahnwa01
9,Steve Carlton,5217.2,1965,1988,20-43,329,244,.574,573,3.22,741,709,254,55,2,5217.2,4672,2130,1864,414,1833,150,4136,53,90,183,21683,115,3.15,1.247,8.1,0.7,3.2,7.1,2.26,1/H,CHWCLEMINPHISFGSTL,carltst01
10,Grover Alexander,5190.0,1911,1930,24-43,373,208,.642,581,2.56,696,600,436,90,32,5190.0,4868,1852,1476,165,951,8,2198,70,1,38,20893,135,2.82,1.121,8.4,0.3,1.6,3.8,2.31,1/H7,CHCPHISTL,alexape01
11,Kid Nichols,5067.1,1890,1906,20-36,362,208,.635,570,2.96,621,562,532,48,16,5067.1,4929,2480,1664,156,1272,,1881,129,1,169,21099,139,3.48,1.224,8.8,0.3,2.3,3.3,1.48,1O/3H789,BSNPHISTL,nichoki01
12,Tim Keefe,5049.2,1880,1893,23-36,342,225,.603,567,2.63,600,594,554,39,2,5049.2,4438,2470,1474,75,1233,,2564,98,0,240,20941,126,2.92,1.123,7.9,0.1,2.2,4.6,2.08,1O/54,NYGNYINYPPHITRO,keefeti01
13,Greg Maddux,5008.1,1986,2008,20-42,355,227,.610,582,3.16,744,740,109,35,0,5008.1,4726,1981,1756,353,999,177,3371,137,28,70,20421,132,3.26,1.143,8.5,0.6,1.8,6.1,3.37,1H,ATLCHCLADSDP,maddugr01
14,Bert Blyleven,4970.0,1970,1992,19-41,287,250,.534,537,3.31,692,685,242,60,0,4970.0,4632,2029,1830,430,1322,71,3701,155,19,114,20491,118,3.19,1.198,8.4,0.8,2.4,6.7,2.80,1/H,CALCLEMINPITTEX,blylebe01
15,Mickey Welch,4802.0,1880,1892,20-32,307,210,.594,517,2.71,565,549,525,41,4,4802.0,4588,2556,1447,106,1297,,1850,52,1,274,20308,113,3.28,1.226,8.6,0.2,2.4,3.5,1.43,1O,NYGTRO,welchmi01
16,Christy Mathewson,4788.2,1900,1916,19-35,373,188,.665,561,2.13,636,552,435,79,30,4788.2,4219,1620,1135,89,848,,2507,59,8,115,18929,136,2.26,1.058,7.9,0.2,1.6,4.7,2.96,1/H397,CINNYG,mathech01
17,Tom Seaver,4783.0,1967,1986,22-41,311,205,.603,516,2.86,656,647,231,61,1,4783.0,3971,1674,1521,380,1390,116,3640,76,8,126,19369,127,3.04,1.121,7.5,0.7,2.6,6.8,2.62,1H,BOSCHWCINNYM,seaveto01
18,Robin Roberts,4688.2,1948,1966,21-39,286,245,.539,531,3.41,676,609,305,45,25,4688.2,4582,1962,1774,505,902,109,2357,54,3,33,19174,113,3.51,1.170,8.8,1.0,1.7,4.5,2.61,1H,BALCHCHOUPHI,roberro01
19,Early Wynn,4564.0,1939,1963,19-43,300,244,.551,544,3.54,691,611,289,49,16,4564.0,4291,2037,1796,338,1775,100,2334,64,2,51,19408,107,3.66,1.329,8.5,0.7,3.5,4.6,1.31,1H,CHWCLEWSH,wynnea01
20,John Clarkson,4536.1,1882,1894,20-32,328,178,.648,506,2.81,531,518,485,37,5,4536.1,4295,2384,1417,159,1191,,1978,80,0,182,19146,133,3.35,1.209,8.5,0.3,2.4,3.9,1.66,1O/53,BSNCHCCLVWOR,clarkjo01
21,Jim Kaat,4530.1,1959,1983,20-44,283,237,.544,520,3.45,898,625,180,31,17,4530.1,4620,2038,1738,395,1083,116,2461,122,6,128,19023,108,3.41,1.259,9.2,0.8,2.2,4.9,2.27,1H/D,CHWMINNYYPHISTLWSH,kaatji01
22,Old Hoss Radbourn,4527.1,1880,1891,25-36,310,194,.615,504,2.68,527,502,488,35,2,4527.1,4328,2273,1347,118,875,,1830,54,0,214,18918,119,3.15,1.149,8.6,0.2,1.7,3.6,2.09,1O6/345,BOSBSNBUFCINPRO,radboch01
23,Fergie Jenkins,4500.2,1965,1983,22-40,284,226,.557,510,3.34,664,594,267,49,7,4500.2,4142,1853,1669,484,997,116,3192,84,18,62,18400,115,3.28,1.142,8.3,1.0,2.0,6.4,3.20,1/H,BOSCHCPHITEX,jenkife01
24,Eddie Plank,4495.2,1901,1917,25-41,326,194,.627,520,2.35,623,529,410,69,23,4495.2,3958,1566,1174,42,1072,,2246,190,6,88,17814,122,2.45,1.119,7.9,0.1,2.1,4.5,2.10,1/H,PHASLBSLM,planked01
25,Eppa Rixey,4494.2,1912,1933,21-42,266,251,.515,517,3.15,692,554,290,37,14,4494.2,4633,1986,1572,93,1082,16,1350,76,10,97,18754,115,3.18,1.272,9.3,0.2,2.2,2.7,1.25,1/H,CINPHI,rixeyep01
26,Tom Glavine,4413.1,1987,2008,21-42,305,203,.600,508,3.54,682,682,56,25,0,4413.1,4298,1900,1734,356,1500,145,2607,66,7,65,18604,118,3.95,1.314,8.8,0.7,3.1,5.3,1.74,1H,ATLNYM,glavito02
27,Red Ruffing,4344.0,1924,1947,19-42,273,225,.548,498,3.80,624,538,335,45,18,4344.0,4284,2115,1833,254,1541,67,1987,58,7,46,18546,109,3.83,1.341,8.9,0.5,3.2,4.1,1.29,1H/79,BOSCHWNYY,ruffire01
28,Burleigh Grimes,4180.0,1916,1934,22-40,270,212,.560,482,3.53,616,497,314,35,18,4180.0,4412,2050,1638,148,1295,25,1512,101,12,92,17974,108,3.52,1.365,9.5,0.3,2.8,3.3,1.17,1H,BROBSNCHCNYGNYYPITSTL,grimebu01
29,Ted Lyons,4161.0,1923,1946,22-45,260,230,.531,490,3.67,594,484,356,27,25,4161.0,4489,2056,1696,222,1121,49,1073,31,6,55,17797,118,3.85,1.348,9.7,0.5,2.4,2.3,0.96,1H/9,CHW,lyonste01
30,Randy Johnson,4135.1,1988,2009,24-45,303,166,.646,469,3.29,618,603,100,37,2,4135.1,3346,1703,1513,411,1497,37,4875,190,33,109,17067,135,3.19,1.171,7.3,0.9,3.3,10.6,3.26,1/7,ARIHOUMONNYYSEASFG,johnsra05
31,Red Faber,4086.2,1914,1933,25-44,254,213,.544,467,3.15,669,483,273,29,27,4086.2,4106,1813,1430,111,1213,10,1471,103,2,52,17104,119,3.34,1.302,9.0,0.2,2.7,3.2,1.21,1/H,CHW,faberre01
32,Vic Willis,3996.0,1898,1910,22-34,249,205,.548,454,2.63,513,471,388,50,11,3996.0,3621,1620,1167,66,1212,,1651,156,6,94,16279,117,2.96,1.209,8.2,0.1,2.7,3.7,1.36,13/H,BSNPITSTL,willivi01
33,Jim Palmer,3948.0,1965,1984,19-38,268,152,.638,420,2.86,558,521,211,53,4,3948.0,3349,1395,1253,303,1311,37,2212,38,11,85,16114,125,3.50,1.180,7.6,0.7,3.0,5.0,1.69,1H/D,BAL,palmeji01
34,Lefty Grove,3940.2,1925,1941,25-41,300,141,.680,441,3.06,616,457,298,35,54,3940.2,3849,1594,1339,162,1187,24,2266,42,1,51,16622,148,3.24,1.278,8.8,0.4,2.7,5.2,1.91,1/H,BOSPHA,grovele01
35,Bob Gibson,3884.1,1959,1975,23-39,251,174,.591,425,2.91,528,482,255,56,6,3884.1,3279,1420,1258,257,1336,118,3117,102,13,108,16068,127,2.89,1.188,7.6,0.6,3.1,7.2,2.33,1H,STL,gibsobo01
36,Bob Feller,3827.0,1936,1956,17-37,266,162,.621,428,3.25,570,484,279,44,22,3827.0,3271,1557,1384,224,1764,89,2581,60,13,69,16180,122,3.54,1.316,7.7,0.5,4.1,6.1,1.46,1,CLE,fellebo01
37,Jack Morris,3824.0,1977,1994,22-39,254,186,.577,440,3.90,549,527,175,28,0,3824.0,3567,1815,1657,389,1390,99,2478,58,27,206,16120,105,3.94,1.296,8.4,0.9,3.3,5.8,1.78,1H/D,CLEDETMINTOR,morrija02
38,Amos Rusie,3778.2,1889,1901,18-30,246,174,.586,420,3.07,463,427,393,30,5,3778.2,3389,2068,1288,75,1707,,1950,112,1,153,16313,129,3.71,1.349,8.1,0.2,4.1,4.6,1.14,1O/3,CININDNYG,rusieam01
39,Waite Hoyt,3762.1,1918,1938,18-38,237,182,.566,419,3.59,674,425,226,26,53,3762.1,4037,1780,1500,154,1003,24,1206,49,5,39,16031,112,3.65,1.340,9.7,0.4,2.4,2.9,1.20,1,BOSBRODETNYGNYYPHAPIT,hoytwa01
40,Jim Bunning,3760.1,1955,1971,23-39,224,184,.549,408,3.27,591,519,151,40,16,3760.1,3433,1527,1366,372,1000,98,2855,160,8,47,15618,115,3.22,1.179,8.2,0.9,2.4,6.8,2.86,1H,DETLADPHIPIT,bunniji01
41,Carl Hubbell,3590.1,1928,1943,25-40,253,154,.622,407,2.98,535,433,260,36,33,3590.1,3461,1380,1188,227,725,68,1677,53,1,53,14805,130,3.50,1.166,8.7,0.6,1.8,4.2,2.31,1,NYG,hubbeca01
42,CC Sabathia,3577.1,2001,2019,20-38,251,161,.609,412,3.74,561,560,38,12,0,3577.1,3404,1623,1485,382,1099,44,3093,123,17,74,14989,116,3.78,1.259,8.6,1.0,2.8,7.8,2.81,1/H,CLEMILNYY,sabatc.01
43,Herb Pennock,3571.2,1912,1934,18-40,241,162,.598,403,3.60,617,419,249,35,37,3571.2,3900,1699,1428,128,916,18,1227,36,6,65,15093,106,3.36,1.348,9.8,0.3,2.3,3.1,1.34,1/H,BOSNYYPHA,pennohe01
44,Mike Mussina,3562.2,1991,2008,22-39,270,153,.638,423,3.68,537,536,57,23,0,3562.2,3460,1559,1458,376,785,29,2813,60,1,71,14593,123,3.57,1.192,8.7,0.9,2.0,7.1,3.58,1,BALNYY,mussimi01
45,Juan Marichal,3507.0,1960,1975,22-37,243,142,.631,385,2.89,471,457,244,52,2,3507.0,3153,1329,1126,320,709,82,2303,40,20,51,14236,123,3.04,1.101,8.1,0.8,1.8,5.9,3.25,1/H,BOSLADSFG,maricju01
46,John Smoltz,3473.0,1988,2009,21-42,213,155,.579,368,3.33,723,481,53,16,154,3473.0,3074,1391,1284,288,1010,84,3084,57,16,145,14271,125,3.24,1.176,8.0,0.7,2.6,8.0,3.05,1H,ATLBOSSTL,smoltjo01
47,Catfish Hunter,3449.1,1965,1979,19-33,224,166,.574,390,3.26,500,476,181,42,1,3449.1,2958,1380,1248,374,954,57,2012,49,7,49,14032,104,3.66,1.134,7.7,1.0,2.5,5.2,2.11,1H/3,KCANYYOAK,hunteca01
48,Joe McGinnity,3441.1,1899,1908,28-37,246,142,.634,388,2.66,465,381,314,32,24,3441.1,3276,1436,1016,52,812,,1068,179,4,30,14143,121,3.04,1.188,8.6,0.1,2.1,2.8,1.32,1/9HO845,BLABLNBRONYG,mcginjo01
49,Don Drysdale,3432.0,1956,1969,19-32,209,166,.557,375,2.95,518,465,167,49,6,3432.0,3084,1292,1124,280,855,123,2486,154,10,82,14097,121,3.02,1.148,8.1,0.7,2.2,6.5,2.91,1H,BROLAD,drysddo01
50,Rube Marquard,3306.2,1908,1925,21-38,201,177,.532,378,3.08,536,408,197,30,20,3306.2,3233,1443,1130,107,858,,1593,39,5,81,13641,103,2.89,1.237,8.8,0.3,2.3,4.3,1.86,1,BROBSNCINNYG,marquru01
51,Dennis Eckersley,3285.2,1975,1998,20-43,197,171,.535,368,3.50,1071,361,100,20,390,3285.2,3076,1382,1278,347,738,91,2401,75,16,28,13534,116,3.41,1.161,8.4,1.0,2.0,6.6,3.25,1/HD,BOSCHCCLEOAKSTL,eckerde01
52,Jesse Haines,3208.2,1918,1937,24-43,210,158,.571,368,3.64,555,387,209,23,11,3208.2,3460,1556,1298,165,871,39,981,57,6,55,13644,109,3.82,1.350,9.7,0.5,2.4,2.8,1.13,1/H3,CINSTL,haineje01
53,Mordecai Brown,3172.1,1903,1916,26-39,239,130,.648,369,2.06,481,332,271,55,49,3172.1,2708,1044,725,43,673,,1375,61,4,61,12450,138,2.41,1.066,7.7,0.1,1.9,3.9,2.04,1H/789,BTTCHCCHICINSLMSTL,brownmo01
54,Whitey Ford,3170.1,1950,1967,21-38,236,106,.690,342,2.75,498,438,156,45,11,3170.1,2766,1107,967,228,1086,49,1956,28,5,75,13036,133,3.26,1.215,7.9,0.6,3.1,5.6,1.80,1/H,NYY,fordwh01
55,Stan Coveleski,3082.0,1912,1928,22-38,215,142,.602,357,2.89,450,385,223,38,21,3082.0,3055,1227,990,66,802,0,981,30,1,35,12729,127,3.13,1.251,8.9,0.2,2.3,2.9,1.22,1,CLENYYPHAWSH,covelst01
56,Charles Bender,3017.0,1903,1925,19-41,212,127,.625,339,2.46,459,334,255,40,34,3017.0,2645,1108,823,40,712,,1711,102,10,79,11901,112,2.29,1.113,7.9,0.1,2.1,5.1,2.40,1H/38745,BALCHWPHAPHI,bendech01
57,Hal Newhouser,2993.0,1939,1955,18-34,207,150,.580,357,3.06,488,374,212,33,26,2993.0,2674,1197,1016,136,1249,47,1796,19,7,65,12648,130,3.27,1.311,8.0,0.4,3.8,5.4,1.44,1/H,CLEDET,newhoha01
58,Dazzy Vance,2966.2,1915,1935,24-44,197,140,.585,337,3.24,442,349,217,29,12,2966.2,2809,1246,1068,132,840,29,2045,77,2,37,12366,125,2.97,1.230,8.5,0.4,2.5,6.2,2.43,1/H,BROCINNYYPITSTL,vanceda01
59,Ed Walsh,2964.1,1904,1917,23-36,195,126,.607,321,1.82,430,315,250,57,35,2964.1,2346,873,598,23,617,,1736,52,9,76,11411,146,2.02,1.000,7.1,0.1,1.9,5.3,2.81,1H/798,BSNCHW,walshed01
60,Rube Waddell,2961.1,1897,1910,20-33,193,143,.574,336,2.16,407,340,261,50,5,2961.1,2460,1063,711,37,803,,2316,115,3,74,11717,135,2.03,1.102,7.5,0.1,2.4,7.0,2.88,1/3H,CHCLOUPHAPITSLB,wadderu01
61,Jack Chesbro,2896.2,1899,1909,25-35,198,132,.600,330,2.68,392,332,260,35,5,2896.2,2647,1206,864,39,690,,1265,113,2,62,11632,110,2.67,1.152,8.2,0.1,2.1,3.9,1.83,1/3HO,BOSNYYPIT,chesbja01
62,Bob Lemon,2850.0,1941,1958,20-37,207,128,.618,335,3.23,460,350,188,31,22,2850.0,2559,1185,1024,180,1251,55,1277,57,2,63,12099,119,3.81,1.337,8.1,0.6,4.0,4.0,1.02,1H8/59,CLE,lemonbo01
63,Pedro Martínez,2827.1,1992,2009,20-37,219,100,.687,319,2.93,476,409,46,17,3,2827.1,2221,1006,919,239,760,30,3154,141,6,62,11394,154,2.91,1.054,7.1,0.8,2.4,10.0,4.15,1,BOSLADMONNYMPHI,martipe02
64,Roy Halladay,2749.1,1998,2013,21-36,203,105,.659,308,3.38,416,390,67,20,1,2749.1,2646,1135,1034,236,592,28,2117,81,9,56,11287,131,3.39,1.178,8.7,0.8,1.9,6.9,3.58,1,PHITOR,hallaro01
65,Lefty Gomez,2503.0,1930,1943,21-34,189,102,.649,291,3.34,368,320,173,28,10,2503.0,2290,1091,930,138,1095,34,1468,19,0,39,10729,125,3.87,1.352,8.2,0.5,3.9,5.3,1.34,1,NYYWSH,gomezle01
66,John Ward,2469.2,1878,1894,18-34,164,103,.614,267,2.10,293,262,245,24,3,2469.2,2324,1185,576,26,253,,920,,0,144,10164,119,2.43,1.043,8.5,0.1,0.9,3.4,3.64,641O5,BROBWWNYGPRO,wardjo01
67,Addie Joss,2327.0,1902,1910,22-30,160,97,.623,257,1.89,286,260,234,45,5,2327.0,1888,730,488,19,364,,920,58,1,28,8891,143,2.25,0.968,7.3,0.1,1.4,3.6,2.53,1/385H,CLE,jossad01
68,Sandy Koufax,2324.1,1955,1966,19-30,165,87,.655,252,2.76,397,314,137,40,9,2324.1,1754,806,713,204,817,48,2396,18,7,87,9497,131,2.69,1.106,6.8,0.8,3.2,9.3,2.93,1,BROLAD,koufasa01
69,Hoyt Wilhelm,2254.1,1952,1972,29-49,143,122,.540,265,2.52,1070,52,20,5,228,2254.1,1757,773,632,150,778,79,1610,62,4,90,9164,147,3.06,1.125,7.0,0.6,3.1,6.4,2.07,1,ATLBALCALCHCCHWCLELADNYGSTL,wilheho01
70,Dizzy Dean,1967.1,1930,1947,20-37,150,83,.644,233,3.02,317,230,154,26,31,1967.1,1919,774,661,95,453,47,1163,27,5,12,8171,131,3.24,1.206,8.8,0.4,2.1,5.3,2.57,1/H,CHCSLBSTL,deandi01
71,Rich Gossage,1809.1,1972,1994,20-42,124,107,.537,231,3.01,1002,37,16,0,310,1809.1,1497,670,605,119,732,90,1502,47,5,63,7507,126,3.18,1.232,7.4,0.6,3.6,7.5,2.05,1/DH,CHCCHWNYYOAKPITSDPSEASFGTEX,gossari01
72,Satchel Paige,1751.2,1927,1965,20-58,124,82,.602,206,2.73,403,198,96,22,44,1751.2,1466,661,531,44,463,33,1501,27,5,24,5353,150,1.84,1.101,7.5,0.2,2.4,7.7,3.24,1/397,BBBCCUCLEKCAKCMMRSNBYPCSLB,paigesa01
73,Rollie Fingers,1701.1,1968,1985,21-38,114,118,.491,232,2.90,944,37,4,2,341,1701.1,1474,615,549,123,492,109,1299,39,7,40,6942,120,2.96,1.156,7.8,0.7,2.6,6.9,2.64,1/H,MILOAKSDP,fingero01
74,Andy Cooper,1603.1,1920,1939,23-42,118,64,.648,182,3.58,288,183,105,12,24,1603.1,1585,811,638,52,357,1,719,42,2,11,5130,122,2.40,1.211,8.9,0.3,2.0,4.0,2.01,1/7394,CAGDSKCM,coopean99
75,Bullet Rogan,1500.0,1920,1938,26-44,120,52,.698,172,2.65,214,157,136,18,16,1500.0,1330,611,442,22,405,0,918,30,1,31,5541,161,2.36,1.157,8.0,0.1,2.4,5.5,2.27,189743/52,KCM,roganbu99
76,Bill Foster,1499.2,1923,1937,19-33,110,56,.663,166,2.63,238,165,127,31,12,1499.2,1281,574,438,25,477,1,922,38,0,11,3582,164,1.80,1.172,7.7,0.2,2.9,5.5,1.93,1/9387,BBBCAGMRSPC,fostebi99
77,Ray Brown,1480.2,1931,1945,23-37,119,46,.721,165,3.12,216,157,140,18,16,1480.2,1400,648,514,33,415,0,719,24,2,5,5391,147,2.77,1.226,8.5,0.2,2.5,4.4,1.73,1987/3546,AB2DWHG,brownra99
78,Lee Smith,1289.1,1980,1997,22-39,71,92,.436,163,3.03,1022,6,0,0,478,1289.1,1133,475,434,89,486,100,1251,10,4,47,5388,132,2.93,1.256,7.9,0.6,3.4,8.7,2.57,1,BALBOSCALCHCCINMONNYYSTL,smithle02
79,Mariano Rivera,1283.2,1995,2013,25-43,82,60,.577,142,2.21,1115,10,0,0,652,1283.2,998,340,315,71,286,41,1173,46,3,13,5103,205,2.76,1.000,7.0,0.5,2.0,8.2,4.10,1,NYY,riverma01
80,Babe Ruth,1221.1,1914,1935,19-40,94,46,.671,140,2.28,163,147,107,17,4,1221.1,974,400,309,10,441,0,488,29,4,25,4896,122,2.81,1.159,7.2,0.1,3.2,3.6,1.11,*9718H3,BOSBSNNYY,ruthba01
81,Trevor Hoffman,1089.1,1993,2010,25-42,61,75,.449,136,2.87,1035,0,0,0,601,1089.1,846,378,347,100,307,58,1133,9,0,49,4388,141,3.08,1.058,7.0,0.8,2.5,9.4,3.69,1,FLAMILSDP,hoffmtr01
82,Bruce Sutter,1042.0,1976,1988,23-35,68,71,.489,139,2.83,661,0,0,0,300,1042.0,879,370,328,77,309,83,861,13,8,37,4251,136,2.94,1.140,7.6,0.7,2.7,7.4,2.79,1,ATLCHCSTL,suttebr01
83,Hilton Smith,943.0,1932,1948,25-41,70,38,.648,108,2.92,162,100,62,8,11,943.0,855,402,306,13,187,0,594,13,1,5,3064,141,1.99,1.105,8.2,0.1,1.8,5.7,3.18,197/3,CAGKCMMRM,smithhi99
84,Billy Wagner,903.0,1995,2010,23-38,47,40,.540,87,2.31,853,0,0,0,422,903.0,601,262,232,82,300,26,1196,33,1,43,3600,187,2.73,0.998,6.0,0.8,3.0,11.9,3.99,1,ATLBOSHOUNYMPHI,wagnebi02
85,Leon Day,616.1,1934,1946,17-29,50,22,.694,72,3.58,92,77,52,9,3,616.1,542,297,245,19,241,0,432,15,0,1,1915,130,2.49,1.270,7.9,0.3,3.5,6.3,1.79,1847/9,BBSBEHGNEPS,dayle99
86,Martín Dihigo,402.0,1923,1945,18-40,27,19,.587,46,3.34,60,42,34,1,2,402.0,386,184,149,16,119,0,246,7,0,3,1507,141,2.31,1.256,8.6,0.4,2.7,5.5,2.07,63154879/2,CSEHILNYC,dihigma99
87,Bobby Wallace,402.0,1894,1918,20-44,24,22,.522,46,3.87,57,48,37,3,1,402.0,469,268,173,6,156,,120,13,0,16,1799,125,4.35,1.555,10.5,0.1,3.5,2.7,0.77,651O4/H39,CLVSLBSTL,wallabo01
88,Joe Williams,356.1,1923,1932,37-46,16,19,.457,35,3.51,53,42,28,1,2,356.1,384,195,139,9,66,,201,6,,2,1102,130,2.07,1.263,9.7,0.2,1.7,5.1,3.05,1,BRGDWHGNLG,willijo99
89,José Méndez,320.0,1920,1926,35-41,30,9,.769,39,3.46,69,31,16,1,8,320.0,340,164,123,8,60,,139,9,0,2,1356,125,2.89,1.250,9.6,0.2,1.7,3.9,2.32,16549/837,KCM,mendejo99
90,Cool Papa Bell,309.2,1922,1946,19-43,20,15,.571,35,4.53,49,30,21,1,0,309.2,337,197,156,17,94,,146,13,0,4,1328,98,3.82,1.392,9.8,0.5,2.7,4.2,1.55,*8713/945,CAGDWHGPCSLS,bellco99
91,Cristóbal Torriente,179.2,1920,1932,26-38,13,7,.650,20,4.46,32,23,13,2,1,179.2,205,116,89,7,43,,60,4,0,4,659,91,3.09,1.380,10.3,0.4,2.2,3.0,1.40,*897153/4,CAGDSKCMLVB,torricr99
92,Jesse Burkett,123.0,1890,1905,21-36,3,11,.214,14,5.56,23,14,6,0,0,123.0,144,129,76,3,94,,84,14,0,16,617,63,4.53,1.935,10.5,0.2,6.9,6.1,0.89,*O71/456,BOSCLVNYGSLBSTL,burkeje01
93,George Sisler,111.0,1915,1930,22-37,5,6,.455,11,2.35,24,12,9,1,3,111.0,91,36,29,0,52,0,63,6,1,2,453,126,2.82,1.288,7.4,0.0,4.2,5.1,1.21,*3H1978/45,BSNSLBWSH,sislege01
94,Oscar Charleston,80.2,1920,1941,23-44,1,4,.200,5,4.91,17,5,2,0,0,80.2,93,60,44,3,36,,28,9,0,3,380,86,4.44,1.599,10.4,0.3,4.0,3.1,0.78,8319/75,ABCHBGHGHILPCPSSLGTCTC2,charlos99
95,Tommy McCarthy,70.1,1884,1896,20-32,0,8,.000,8,4.99,13,7,5,0,0,70.1,85,65,39,3,26,,21,0,0,12,328,67,4.27,1.578,10.9,0.4,3.3,2.7,0.81,*O4561,BOSBROBSNPHISTL,mccarto01
96,Roger Bresnahan,50.1,1897,1915,18-36,4,1,.800,5,3.93,9,6,3,1,0,50.1,68,30,22,1,15,,15,3,0,0,230,108,3.94,1.649,12.2,0.2,2.7,2.7,1.00,28H59347/16O,BLACHCNYGSTLWHS,bresnro01
97,Buck Ewing,47.0,1880,1897,20-37,2,3,.400,5,3.45,9,4,4,0,1,47.0,55,36,18,2,23,,23,1,0,3,233,112,4.07,1.660,10.5,0.4,4.4,4.4,1.00,23O546/1,CINCLVNYGNYITRO,ewingbu01
98,King Kelly,45.2,1878,1893,20-35,2,2,.500,4,4.14,12,0,0,0,0,45.2,63,49,21,5,30,,4,4,0,8,236,96,6.33,2.036,12.4,1.0,5.9,0.8,0.13,O256431,BOSBSNCHCCINCKKNYG,kellyki01
99,Sam Rice,39.1,1915,1934,25-44,1,1,.500,2,2.52,9,3,1,0,0,39.1,31,18,11,0,19,,12,0,0,1,156,117,3.20,1.271,7.1,0.0,4.3,2.7,0.63,*98H7/1,CLEWSH,ricesa01
100,Ben Taylor,36.0,1920,1929,31-40,2,1,.667,3,2.00,16,1,1,1,1,36.0,31,10,8,1,8,,12,0,,0,145,192,3.28,1.083,7.8,0.3,2.0,3.0,1.50,*31/96,ABCACBBSHBGWP,taylobe99
101,Jimmie Foxx,23.2,1925,1945,17-37,1,0,1.000,1,1.52,10,2,0,0,0,23.2,13,4,4,0,14,1,11,1,0,0,97,261,3.67,1.141,4.9,0.0,5.3,4.2,0.79,*352H79/16,BOSCHCPHAPHI,foxxji01
102,Dan Brouthers,23.0,1879,1904,21-46,0,2,.000,2,7.83,4,2,2,0,0,23.0,44,37,20,0,11,,8,,0,4,127,35,3.52,2.391,17.2,0.0,4.3,3.1,0.73,*3O/15,BLNBOSBROBSNBUFDTNLOUNYGPHITRO,broutda01
103,Biz Mackey,20.1,1920,1947,22-49,0,4,.000,4,7.52,7,3,1,0,0,20.1,28,20,17,2,7,0,16,2,0,0,99,56,3.99,1.721,12.4,0.9,3.1,7.1,2.29,2653497/18,ABCBBSBEGHILNENYCPCPSWEG,mackebi99
104,Jim O'Rourke,19.2,1872,1904,21-53,0,1,.000,1,4.12,6,0,0,0,2,19.2,17,14,9,0,2,,4,,0,1,70,80,3.16,0.966,7.8,0.0,0.9,1.8,2.00,O2356/14,BOSBSNBUFMANNYGNYIPROWHS,o'rouji01
105,Mule Suttles,16.0,1924,1944,23-43,0,0,,0,6.75,5,0,0,0,0,16.0,29,13,12,0,6,,6,1,,1,83,77,2.73,2.188,16.3,0.0,3.4,3.4,1.00,37945/816,BBBCAGDWNBYNESLSWAP,suttlmu99
106,Roy Campanella,15.1,1937,1957,15-35,1,0,1.000,1,5.28,2,2,1,0,0,15.1,13,12,9,1,6,0,16,1,0,0,67,79,2.83,1.239,7.6,0.6,3.5,9.4,2.67,*2H97/815,BEGBROPSWEG,camparo01
107,Deacon White,10.0,1871,1890,23-42,0,0,,0,7.20,2,0,0,0,1,10.0,19,15,8,0,2,,3,0,0,0,51,56,2.78,2.100,17.1,0.0,1.8,2.7,1.50,52O34/61,BOSBSNBUFCHCCINCLEDTNPIT,whitede01
108,Honus Wagner,8.1,1897,1917,23-43,0,0,,0,0.00,2,0,0,0,0,8.1,7,5,0,0,6,,6,0,0,3,37,,3.44,1.560,7.6,0.0,6.5,6.5,1.00,6O53947H8/1,LOUPIT,wagneho01
109,Turkey Stearnes,7.0,1923,1940,22-39,0,1,.000,1,15.43,1,1,0,0,0,7.0,13,14,12,3,4,,2,1,0,0,37,30,10.18,2.429,16.7,3.9,5.1,2.6,0.50,*8/37915,CAGDSDTSKCMPS,steartu99
110,Ty Cobb,5.0,1905,1928,18-41,0,0,,0,3.60,3,0,0,0,1,5.0,6,2,2,0,2,,0,0,0,0,20,99,3.42,1.600,10.8,0.0,3.6,0.0,0.00,*89H73/415,DETPHA,cobbty01
111,George Kelly,5.0,1915,1932,19-36,1,0,1.000,1,0.00,1,0,0,0,0,5.0,4,0,0,0,1,,2,0,0,0,20,,2.06,1.000,7.2,0.0,1.8,3.6,2.00,34H798/51,BROCHCCINNYGPIT,kellyge01
112,Judy Johnson,4.1,1923,1936,23-36,0,0,,0,2.08,1,0,0,0,0,4.1,6,2,1,0,2,,3,1,,0,21,225,3.72,1.846,12.5,0.0,4.2,6.2,1.50,*56/4319,HGHILNYCPC,johnsju99
113,Cap Anson,4.0,1871,1897,19-45,0,1,.000,1,4.50,3,0,0,0,1,4.0,4,5,2,2,2,,1,,0,0,21,89,10.76,1.500,9.0,4.5,4.5,2.3,0.50,*35O24/61,ATHCHCROK,ansonca01
114,Jake Beckley,4.0,1888,1907,20-39,0,1,.000,1,6.75,1,1,0,0,0,4.0,9,8,3,0,1,,2,0,0,0,21,50,2.42,2.500,20.3,0.0,2.3,4.5,2.00,*3/O14H,CINNYGPBBPITSTL,becklja01
115,George Davis,4.0,1890,1909,19-38,0,1,.000,1,15.75,3,0,0,0,1,4.0,8,8,7,0,3,,4,0,0,0,23,24,2.78,2.750,18.0,0.0,6.8,9.0,1.33,65O43H/1,CHWCLVNYG,davisge01
116,Wade Boggs,2.1,1982,1999,24-41,0,0,,0,3.86,2,0,0,0,0,2.1,3,1,1,0,1,0,2,0,0,0,11,157,2.69,1.714,11.6,0.0,3.9,7.7,2.00,*5DH3/17,BOSNYYTBD,boggswa01
117,Harry Hooper,2.0,1909,1925,21-37,0,0,,0,0.00,1,0,0,0,0,2.0,2,0,0,0,1,,0,0,0,0,7,,4.06,1.500,9.0,0.0,4.5,0.0,0.00,*97H8/1,BOSCHW,hoopeha01
118,Ted Williams,2.0,1939,1960,20-41,0,0,,0,4.50,1,0,0,0,0,2.0,3,1,1,0,0,0,1,0,0,0,9,116,2.00,1.500,13.5,0.0,0.0,4.5,,*79H/1,BOS,willite01
119,Josh Gibson,1.2,1930,1946,18-34,0,0,,0,21.60,1,0,0,0,0,1.2,4,4,4,0,1,,0,0,,0,10,28,4.98,3.000,21.6,0.0,5.4,0.0,0.00,23975/81,HGMRSPC,gibsojo99
120,Tris Speaker,1.0,1907,1928,19-40,0,0,,0,9.00,1,0,0,0,0,1.0,2,1,1,0,0,,0,0,0,0,4,47,2.44,2.000,18.0,0.0,0.0,0.0,,*8H/9137,BOSCLEPHAWSH,speaktr01
121,Ichiro Suzuki,1.0,2001,2019,27-45,0,0,,0,9.00,1,0,0,0,0,1.0,2,1,1,0,0,0,0,0,0,0,5,59,3.13,2.000,18.0,0.0,0.0,0.0,,*98H7D/1,MIANYYSEA,suzukic01
122,Willie Wells,0.2,1924,1948,19-43,0,0,,0,0.00,1,0,0,0,0,0.2,0,0,0,0,0,0,0,0,0,0,2,,2.70,0.000,0.0,0.0,0.0,0.0,,*6/73485,BEGCAGDWHGICMRSNBYNESLS,wellswi99
123,Pete Hill,0.1,1920,1925,37-42,0,0,,0,0.00,1,0,0,0,0,0.1,0,0,0,0,0,,0,0,,0,1,,3.14,0.000,0.0,0.0,0.0,0.0,,8973/41,BBSDSMB,hillpe99
124,Stan Musial,0.0,1941,1963,20-42,0,0,,0,,1,0,0,0,0,0.0,0,0,0,0,0,0,0,0,0,0,1,,,,,,,,,3978H/1,STL,musiast01